batch_size: 64
huber_delta: 0.11220148539978296
lr: 0.008332702956786783
lr_factor: 0.6596045666365351
lr_patience: 4
max_grad_norm: 2.9217005779093363
sat_attn_dim: 16
sat_conv1_channels: 64
sat_conv2_channels: 32
sat_feature_dim: 32
sat_head_hidden_dim: 16
sat_temporal_layers: 1
sat_use_attention: true
weight_decay: 5.7151363481527905e-05
