batch_size: 64
fusion_dropout: 0.10261897441034194
fusion_hidden_dim: 32
fusion_hidden_dim2: 16
ground_activation: gelu
ground_graph_layers: 2
ground_hidden_size: 16
ground_time_layers: 1
huber_delta: 0.11461658359742849
lr: 0.00018881834467096657
lr_factor: 0.652016439964524
lr_patience: 5
max_grad_norm: 3.2078275422164926
sat_conv1_channels: 16
sat_conv2_channels: 32
sat_feature_dim: 64
sat_head_hidden_dim: 16
sat_temporal_layers: 2
weight_decay: 2.594719986216555e-06
