batch_size: 32
fusion_dropout: 0.14881529393791154
fusion_x1: 128
fusion_x2: 16
fusion_x3: 16
ground_activation: selu
ground_graph_layers: 3
ground_hidden_size: 64
ground_time_layers: 1
huber_delta: 0.39638958863878504
lr: 0.0001329291894316216
lr_factor: 0.5404460046972835
lr_patience: 9
max_grad_norm: 0.7613762547568976
sat_conv1_channels: 64
sat_conv2_channels: 32
sat_feature_dim: 128
sat_head_hidden_dim: 64
sat_temporal_layers: 1
weight_decay: 0.0007114476009343421
