batch_size: 64
fusion_dropout: 0.2868069344183677
fusion_x1: 32
fusion_x2: 32
fusion_x3: 32
ground_activation: relu
ground_graph_layers: 1
ground_hidden_size: 64
ground_time_layers: 2
huber_delta: 0.10058429753587354
lr: 0.004012829629578876
lr_factor: 0.5834849256882524
lr_patience: 10
max_grad_norm: 1.8880101934369913
sat_conv1_channels: 32
sat_conv2_channels: 128
sat_feature_dim: 32
sat_head_hidden_dim: 32
sat_temporal_layers: 1
weight_decay: 2.4306752464156882e-05
